"Cy" "Al" "Caroten" "UCar" "Ca" "Ca.iso" "BCa" "Cb" "Cc" "Cda" "Ct" "Ec" "F" "L" "My" "O" "Pda" "Pha" "Pya" "Z"
"1" 4.85466185906905 3.08290827844329 9.72662035146037 1.25845896904659 5.11896490482887 0.698936126362618 10.7393916791426 0.0161161448969143 0.0465935183412183 0.0194225997798266 3.24100613887627 3.74682689661916 1.3169686755632 4.51527489396617 29.0773584908353 1.45133835877484 1.18834081141996 5.80126377938654 6.20097841595507 7.89856910723213
"2" 4.69732488795452 2.20819916396618 11.2996403606559 1.38288078884615 6.40001258358825 0.435365603556839 8.85738372676612 0.0158085492156473 0.0502865506882532 0.022390231040066 2.95476578573506 4.50008172950109 2.67292332281261 3.28552314980988 27.7426676705423 1.10567461705011 3.84220717163443 6.08080406715253 5.47810490297458 6.96795513650954
"3" 4.75901098085945 3.77451338469745 8.03472956059752 1.20589754267555 4.51178143775221 2.24948463458817 11.4885466330795 0.00826859988347414 0.0498029515835355 0.0163711042913811 2.60106151581587 3.97304475598289 2.23277633159326 3.44735284060835 29.6229001738863 1.29512314560894 2.76209797083864 4.83136200250371 4.95145321862713 8.18442121452664
"4" 5.28817429182909 2.73963142586136 10.7163864125959 1.20357594194395 5.02110300637229 1.5643901406257 12.4610462204446 0.0166854037491941 0.0489930464415952 0.0142959934521931 2.79282815257711 3.53744658923846 1.70518951565501 3.19845319378474 27.5825028021187 1.51943150681874 1.45400947390557 5.73652175251806 6.11138357000934 7.28795156005837
"5" 3.73990359388342 4.10061960163182 8.1286041438863 1.0939515424403 4.49867672634706 0.490412406550093 14.506433518087 0.0167831927062072 0.133499753301236 0.0187817517402163 3.19692050135505 4.80530565868989 4.07215909483437 4.67477429316104 23.468997686887 1.17888566840616 1.68307145554816 5.68762078081793 7.11532967069672 7.38926895902999
"6" 7.06750574173482 2.80428671722933 11.9462348026009 1.38065457150946 5.35105442977869 1.80505571417695 3.86986783747309 0.0080038203361724 0.0362829736144212 0.017442429204635 2.75056474946631 3.23360509832964 1.67912664078006 3.97005341768673 31.8410102931384 1.18188329078631 2.22090315601076 5.54308060425826 4.95573431506533 8.33764939681977
"7" 4.7220412698074 3.55353973665349 9.62701329497942 1.07728362542758 4.42007373265083 0.995878783964251 6.66471231886527 0.0175987020963518 0.0597130417940164 0.0131295818584608 3.07474701424123 3.92690439885249 2.62450545461233 4.90762540472566 31.4731403623183 1.3241611229214 1.73807622254729 5.75098750107558 5.59762783438024 8.43124059622837
"8" 3.862119467197 6.71869398192734 7.59767532563787 0.991933166623131 3.76665717836454 7.70566024826724 5.36192765105119 0.0207416338048508 0.0535948870236799 0.013346651533259 2.61870355988506 4.14667829389185 2.97148917383538 6.22272739861577 24.5801038689212 1.05806204439801 3.36643133121701 5.89690320434658 5.30947223379864 7.73707869966042
"9" 7.65530704437646 2.1394165416642 11.5105180590206 1.56515210153329 4.49974712005895 1.31711965547619 4.76093116528136 0.0114782827633621 0.0553082619821401 0.0242081257008002 2.39839854407619 3.34456659387701 1.31877315418759 3.11904411600518 36.7022537766025 1.27801988146783 1.86584612987477 3.50086593440421 4.3472291273371 8.58581638431029
"10" 3.65845554992617 5.23085064855723 7.88039909818718 1.13714144533853 4.86953670213371 0.376221905414479 5.18033888900709 0.0264800281735682 0.516236432521772 0.0108857005263794 2.38455115204322 4.06160894707989 6.78311734860802 7.732561828302 25.4306177775707 0.875254324593898 1.24795450443842 6.35750407921459 6.92261555292255 9.31766808544055
"11" 4.14175905141798 4.15004652394727 6.96729582940159 0.831521161446629 3.50706055151319 5.46523016529547 9.86474275797241 0.0106695215401154 0.12067359326821 0.0590369565130837 2.02588792061542 2.44728267847301 2.19629235325382 4.2785543398072 32.837526593856 1.07341822659474 1.57544336306701 4.57136844693214 5.68192688319249 8.19426308189224
"12" 3.94047864272298 3.43781980081321 8.52857743998773 0.970413029113575 5.27696708743728 1.25025965269029 8.06290422565906 0.0176961985256046 1.00688918958345 0.0594104375618408 1.85807766039576 2.71913668802538 7.6320534356378 3.72367790241255 31.9784944710217 1.09829691667118 1.28507729945231 5.24311538176541 4.21505354220356 7.69560099831928
"13" 3.05526495399986 6.51516867681187 6.42232230760801 0.845382862454613 4.01427050353591 10.3683860483853 9.59987115445961 0.0294066551583261 0.312212338012229 0.0529881475386844 1.70983451128038 3.17661961786216 3.88852727351743 5.05958465048024 25.6475176692057 0.947083056434115 2.14995481346494 4.71252721739286 4.38677648807999 7.10630105431772
"14" 6.45049933776222 4.41549832051118 6.58085267486739 1.08557831636877 3.6188422920458 0.974015523739035 14.389467664637 0.0191290308488509 0.194716510166948 0.0770649645156159 2.51268688957266 3.58466895739554 3.68036658544014 5.51327414605263 29.8595024547275 1.52468864658535 1.62527965678681 4.70914362094639 0 9.18472440703017
"15" 2.93858968559642 6.5911208107332 6.53843227013933 0.915685284572288 4.7153411762448 0.91331393121799 11.5472833452011 0.0334129282112155 0.40078885241204 0.064441139746217 2.38440821626249 4.3172160674486 6.4560308150803 6.99003321193301 22.6292125771528 1.20580339453578 1.36291846888947 5.66850181379028 5.82337891252772 8.50408709830501
"16" 4.14552483924077 4.51746850387172 2.50429916290361 0.89139126068154 4.53026525896524 11.1553339964809 13.752484363979 0.0116799609395208 0.322950761537194 0.0183808436257718 2.96509782273703 1.91296745638347 4.77040349823199 3.66331552039881 23.9861053070077 1.13344006253762 2.85467311903209 5.59802193815763 5.4151320168826 5.85106430640572
"17" 4.26415205140075 3.8236603236942 3.2524107624841 0.730084010025753 9.18225615899203 1.60924571647149 10.8516366078438 0.0172716029644061 1.96627099596246 0.0360505788035448 2.18035258587352 1.86693137021005 13.8397428473444 2.92776062325582 20.6378663037449 1.25227969177299 0.972391155984488 7.66075119410388 8.50630872104692 4.42257669802041
"18" 3.1330682713964 5.71643547141284 2.21464293605752 0.696060083872033 5.14887921637201 15.8991323497267 11.7075859027365 0.0406058796759838 0.392272859158205 0.0227206338096017 2.05959807425904 2.15876187692634 6.65621088605787 3.26173082780615 19.0390927289056 0.896135325371483 3.78550777063692 6.03153741907249 6.86446401503964 4.27555747170672
"19" 4.60562204921039 3.44451133963248 2.98571384744419 0.967524962954545 6.47562232221973 2.05268253845153 15.9290606209525 0.0156055928331837 1.24824964625242 0.0185386250200465 2.86277164671677 2.00172642344185 10.1809854258488 2.99136673672972 21.8427945750561 1.56151180730006 1.47498141464861 5.80577790872324 8.07578476672854 5.4591677498353
"20" 4.27650811453885 4.96761978657734 3.23919131698733 0.796368856600354 7.40035369466351 1.80107633179295 10.6508928637962 0.0273413136384377 1.11799840179455 0.0315415003575317 2.48811458981084 2.5301742799372 10.5493563301373 4.05932882040072 21.9948468799973 1.00945133444748 1.30160182591653 7.0668890096372 9.54508005672122 5.14626469224715
"21" 3.54026605145532 3.54821792307186 2.29115203780168 1.03692213276986 5.74275431866957 12.3829806095271 9.20435237070017 0.0130221248353467 1.44242236842867 0.0298564933321931 1.01099907945061 1.40680773611349 8.90009149084457 3.41860265647563 21.9738381651425 1.05717451817552 3.97173637986515 7.6943743108189 6.58727009343489 4.74715913908701
"22" 4.08083874466561 2.46780224195873 2.61069633540409 0.903702229449675 8.993038875453 2.54411346514744 6.16873420260629 0.0289582799941577 3.47854708311152 0.0499443824268418 0.531359532027381 1.24953781413477 18.3029437845283 1.92036723758056 21.0675582240455 0.994941396846036 2.71647334221454 7.15486421282738 11.4596580338231 3.27592058175507
"23" 3.3144832580198 3.86597299330291 2.67226714751665 0.931518647106527 7.67745355091309 10.1833077987034 7.42134804162866 0.313847545539261 1.62573180873414 0.04401488522227 0.6206712157827 1.76961642606001 10.7080931511575 2.84573828456719 22.1346573764837 0.760910836281156 3.5556670267185 7.22791330021466 8.3004423705691 4.02634433547876
"24" 5.21892290104466 2.4781959681164 2.91930353923739 1.13889479402588 7.88277747444294 2.45516477656499 12.1450630718836 0.0709073465251744 2.35289217458538 0.0287379524859983 1.0328260514063 1.82827255037997 14.3233259914212 2.20447018071104 16.658169347812 1.17799847794093 3.6740300711421 7.51506150915429 10.9552896666782 3.93969615444146
"25" 3.17816201500502 2.73656040327956 3.51790317730552 1.08036023642987 10.0901415810546 1.01918983096867 7.20667972664899 0.0621381553374314 2.27704003741912 0.046822002696309 0.669612029180859 1.89298172350529 16.4369556478277 2.47241364620625 21.6283364691632 0.723762114380889 2.08472897301403 8.31184148980917 10.1980248463457 4.36634589442193
"26" 4.0106588766042 4.66150975740796 2.01709427652446 0.600710020284531 7.25401958822704 10.6051643800754 6.64761520268697 0.0219818113206262 0.0688477773965021 0.0302221531144039 1.26549577606608 1.14546361947277 18.0009790680938 2.99954536795409 20.3440460203028 0.57668161947315 2.81859824191711 8.74312755623803 4.48786516188744 3.70037372495271
"27" 4.35067413800963 4.32620393904747 2.56312532936034 0.66413076685918 9.01425882349697 1.81360452290262 4.19912533545382 0.0462091116288901 0.0574319453723164 0.0574574865821151 1.50130969128026 1.70525580096177 19.5068182272538 2.18882534429645 22.8517107526335 0.902656605660716 1.34226071879164 6.88707583094284 12.2241601175667 3.79770551189897
"28" 2.71126625819858 6.0651302378338 2.08035975053872 0.565611374780647 6.12066458599332 13.9985872952581 6.85652745660796 0.175207413979581 0.0261175498739431 0.0395834287805084 1.76227676274631 1.61618748822954 8.75278740525723 2.79299831761518 20.8621782284796 0.507180447633886 4.07253930003656 8.94361571772735 8.36068362183977 3.69049735858943
"29" 4.53860935786027 4.49248550809223 2.51741995277141 0.768984005889661 7.46534272913499 2.06477812994808 9.22526567409058 0.116233993125871 0.0515632262706361 0.0346275412031713 2.73697596833096 2.03540098053991 17.5400145610727 3.38960055227679 21.7642710087982 0.900520743739208 1.62477755753098 6.0669885392912 7.3287838765227 5.33735609351047
"30" 4.3064313041751 4.6553652551117 3.66964319401258 0.878370802851264 9.15394668641035 1.12020229698975 7.77273264351851 0.0354220890556706 0.0513625844317501 0.0458798450601962 2.35487029526315 2.79372607776993 13.4614242431339 3.57622398303729 18.0066014584509 1.01640050044218 1.22899293665093 8.63153178764145 12.3470918286792 4.89378018731418
"31" 4.00340288774449 4.00001959075591 2.15209599622975 1.22105861191496 5.70016465811372 7.36513740098359 7.94899331249539 0.0235242182638429 1.39601649166283 0.0300203129782363 0.991057485446498 1.47232885453674 11.8535043652134 3.13159428486812 19.0685144438272 1.06842628542559 5.01701117501022 11.4006633869408 7.2827581572729 4.87370808031576
"32" 3.60236441771891 3.46721358164164 2.26237567278136 0.687496798074709 8.54254482149011 1.56235044433345 2.47005256018972 0.112480716621021 3.39059593311803 0.081851379989083 0.48236261832485 1.11549753189307 20.2811750271846 1.5868169339346 21.2455091599628 0.668915803532149 2.20922799932137 7.17364264147457 16.0994316272385 2.9580943311755
"33" 3.89940627375499 5.37645242331937 2.65712559085697 1.05935331095918 7.32817658973219 9.18160966749001 6.50847379886094 0.283386126926641 0.943983729277467 0.0941935585456147 0.966542711149481 2.15105510248092 9.44356272980195 2.88744088296838 20.8073864926894 0.735922432834474 6.64619110557192 7.2067132470057 7.23874308365906 4.58428114211538
"34" 4.17044147937594 3.86066015913174 2.64464869230174 1.19210186216816 8.07548316641851 2.32345888001654 5.53762748864245 0.143217193200646 2.89415918455983 0.0489452304340536 1.01875494000884 1.6586336683845 22.4384465891516 2.50997593915222 18.7345916504041 0.787443431890892 3.12007966468838 6.16542688231835 8.61291452348109 4.06298937427037
"35" 4.39527334395945 3.53152005109274 3.47623841681736 1.22112625143304 8.95426411665673 1.23807202601788 6.10486784138467 0.0593398868610067 1.66846684824951 0.0498046040535432 1.10302671725689 2.26147078038305 13.8199367666198 3.24487069629625 18.3398257198794 1.18672832885746 2.84015018299701 9.28435301200403 11.5564731584016 5.66419125077862
"36" 2.44924887020664 4.17800694914519 5.71799806589704 0.905336791322824 3.98778876641604 4.44539947086747 7.22706746582846 0.0318978872135016 1.55491649726317 0.0477740207579792 1.36106375722519 1.87464639360162 10.5456143339212 4.7683110056496 28.1633147787181 0.66370974228734 1.94367541708313 9.30038237206446 4.99503682454698 5.83881058998402
"37" 2.61138586823073 3.34099736015117 6.22673304054509 0.741504055459712 5.83557724499837 1.2501450722422 5.4159012347636 0.0950644316788646 2.72125098811904 0.14225874065689 1.22362266186127 2.12241150216246 13.7760890077909 1.92847442560625 29.7362862088729 0.583617260380838 1.01143835883304 6.52136922790447 10.8561050514746 3.85976825826747
"38" 2.50900344453103 6.47935475306389 5.7425746926923 0.826053195609738 3.98226577211724 7.83444290126429 8.73938727956086 0.240877822844627 0.760777308573581 0.0423920702216283 1.84018100271991 2.72391875696558 4.89270631748869 4.38471986419633 26.2566908604524 0.575287046942496 3.06167162965323 6.13594273103342 7.24469624300661 5.72705630706216
"39" 3.64971317740549 3.56467763807681 6.87253119165186 1.13838149199747 4.83598967588449 1.89418414000727 9.19878054072275 0.18722888059885 1.68221861688337 0.0664551754147802 1.38921131226809 2.47890492903234 10.9558783984812 2.27193933360511 30.3118190496274 0.501659640541256 1.41731575108244 4.91116388165776 7.79523663095342 4.87671054410779
"40" 2.16239549981601 3.14521124889076 7.38192498714461 0.788595240246664 7.29338148207743 0.556283950935149 5.59492237812312 0.059919236745423 2.95015791324365 0.233081366134351 1.57719048049333 3.62675060492201 13.4676745908069 3.43864203595929 24.2569450643315 0.461542175493202 0.783227716931126 7.87404931421426 8.5528466688879 5.79525804460339
"41" 2.41470342207657 4.05526161708201 5.63834850818585 1.00662522409837 4.08727679617959 5.20699798908173 6.42218955026184 0.0308215293868391 1.77175342596898 0.0559439964898514 1.66332834648636 1.98878912243287 10.5879915103954 4.39559681189622 26.8577196696342 0.560834053426236 2.58760475205258 9.62982021649949 5.53550889996059 5.50288455840443
"42" 3.87494788300138 3.11589529837077 8.55290009813484 1.30199910681921 4.45875967458193 1.21868858385419 6.69953721184123 0.0732986420922042 1.31185045168807 0.0664029036074401 1.56907584667956 3.25292510172401 8.5589782446379 2.44820344871989 29.7234155069583 0.534153479720703 1.36873591898239 6.1973320776147 10.0754171813981 5.5974833395732
"43" 2.33017891096225 6.75972909634763 6.32273735989311 1.05778175129136 4.07354552893579 7.55170631096658 6.73103542162363 0.231454809781445 0.736057951360634 0.0393387100776134 1.82845131294649 2.83397553845968 5.71574652789518 4.5585356424699 27.4015844144047 0.292149245594756 3.5107449683408 5.67914627231599 6.07496555796226 6.2711346683702
"44" 2.81675013865933 3.99658129619026 6.20046919033704 1.156201612443 4.06125798540652 1.98224577482658 6.41904507972299 0.243162873358402 1.04226813430168 0.0445712067712485 2.312403224886 3.47657622919745 7.58615593673105 3.90969909409917 29.9543099824829 0.340845562049671 1.43853474558283 6.73599603090374 10.4350853766882 5.847840525362
"45" 2.05466102337278 4.34091659978645 6.86914288581009 0.85207444976277 5.01297825355475 0.730222344295635 5.79759550715063 0.0737948880612358 1.64496567294647 0.0498470678225242 2.28491606180166 3.5442913326054 10.0965560818982 5.57027774621034 24.7186373958543 0.44511351853279 0.825560071648066 9.50118257896721 7.82109541561326 7.76617110430544
"46" 4.15875649421263 1.99851081873543 11.9587987498612 0.921803592377332 6.52374298256727 0.532577733581629 9.80025087842051 0.0143369274043234 0.0748395701704888 0.0193867208458585 2.91523560344126 3.59577788670506 1.89721157183192 2.81873825768275 34.2387819174203 1.1224164954016 0.971722218356576 4.25128470531002 5.80430503643348 6.38152183924032
"47" 4.14581018011128 3.63763314196224 7.7490034081814 0.9849187207479 5.38779712766484 0.615596788638097 13.8012984634191 0.0197711611586977 0.0935309604562298 0.0179769934533027 4.24959597378694 4.85001728347954 3.67423171190117 4.14979087675115 20.9722026271253 1.53647320436672 1.82161880752064 7.16981983846795 7.86077869649302 7.26213403431451
"48" 2.28765310016199 2.62042148140371 7.21524272699925 0.610192709026633 4.77666454721808 1.15896765843507 13.0640334520699 0.01481570907312 0.117910030945924 0.0233750512723771 3.28946526388977 5.29621952870485 3.54160081632668 5.55987772945587 22.1961469689587 1.38145151383695 1.49214916296496 9.38678232304907 8.25444217810403 7.71258804810313
"49" 2.48350667212263 2.75697318429065 10.5097700445405 1.30287340354664 6.07039861550288 0.978429742793881 11.6890728382788 0.0186994948877534 0.1857016744862 0.022202239859955 2.72207478955279 4.20482888567339 4.03584238429632 4.69383409224168 29.5705731412103 1.09639123468099 1.0134835766649 4.34208159806432 4.99786508884749 7.30539729845793
"50" 3.29057108195282 3.09063677021577 10.1524497478009 1.27238413411678 5.22771795575372 1.12514826140645 13.980501311987 0.0135493271766694 0.044848141947105 0.0175750570694423 3.07492832411556 3.74009087027336 2.9736672300659 4.39836490805802 25.1138782027063 1.48837526799463 2.28094332949592 4.6155559138035 7.21851477216943 6.88029939189076
"51" 3.41037215955638 3.8909619976346 10.0461215433853 1.04729993162714 4.5585768276906 3.5500906055967 4.77895778473707 0.0103333121148628 0.061321800214802 0.00852070435082355 2.89221239396369 3.64063290245484 1.56955058428554 5.03536258517419 33.8118355409424 1.23456548231543 2.0616062375581 4.4312685795789 5.16586390560534 8.79454512121331
"52" 3.97061759500804 3.71023729230688 11.4697851112894 1.23292274782995 6.8019126804063 0.625492155193092 4.86923918103171 0.0184362708943173 0.35913344645085 0.0166059864210555 2.52319073974502 3.52379356426364 2.97418392471543 4.81126597874107 26.5967242066759 1.21571917460442 1.54780710514108 7.87618299071791 7.01411321063933 8.84263663792458
"53" 3.35086784220373 4.51879591057038 10.8686852037573 1.04947083527642 4.94673089127259 3.90365147185739 3.71247887612622 0.01020159507319 0.181059866868149 0.00913312880918087 2.16832817205873 3.40769963277137 3.35108407233289 4.59251906842038 33.3445506299191 1.17089721291171 1.40757308033166 5.14134588289564 5.31914458777964 7.54578203876437
"54" 4.12783501288377 4.77625287386523 9.17166301557078 1.13381232212168 4.51229246720335 2.83724567894135 5.22270223572692 0.0167504798437616 0.275767419595935 0.0115354728603409 2.36621702008002 4.69141254020846 3.71063936800338 5.98674815497098 29.1778658934405 1.04069730049816 1.75910198920325 5.03402590527312 4.84688739578341 9.30054745392565
"55" 3.02213609855136 4.73770767204094 7.9418211174763 0.997885297147144 3.43478377433804 5.91423379793577 4.47370722009357 0.0183283264450169 0.0761719383589006 0.00867768064256282 2.55314796747558 3.88531857024633 2.49840027122434 6.0412515286746 32.4267771784662 0.665256864764763 2.18076231035565 5.98941761294863 4.7915340903589 8.3426806824554
"56" 2.73668331653684 7.24351528370491 5.85739292348278 0.625339448952941 2.55394235730119 11.3429794400816 8.2210276754338 0.0115777474006425 0.0362618969003896 0.0579228944061147 2.7879717099152 2.68896934622007 2.24131563235684 7.1306067720884 26.7593172531113 0.877212282558987 2.13652591832117 4.21370389446676 4.39174772099352 8.08598648576651
"57" 3.26039449125841 5.20624208047707 7.27575890413691 0.943776424692722 5.29421467112884 0.462963765317331 10.8220421972365 0.0181979457956795 0.655460698111248 0.0257956350176812 2.40585629573309 3.48921303035155 5.62318547267274 5.71680965449116 23.4783725323149 1.46207987104036 1.08364115287137 7.61191834212085 7.05688262967454 8.10719420555715
"58" 3.26074925605776 5.87227006567694 6.4716705477926 0.823283520374063 4.80839238182592 7.30177494918679 8.67103543150484 0.0199954343081291 0.518904269317041 0.0300484565810156 1.94528053044137 3.08006267443879 4.84366671998945 6.83398178859178 23.2632237217202 1.21671104338468 1.96648396331104 5.94923629406759 5.45139225272302 7.67183669870698
"59" 3.94061224962724 4.65079891101452 7.6635895857172 1.03613933012429 3.64395894737735 5.60730426606796 8.69324346649271 0.0133557525348538 0.313730018901892 0.0186827107932073 1.94926668498269 3.5392993148909 3.95140046933237 5.69640070077465 29.2910438027374 1.04560178976013 1.45481876021083 4.23513905750263 4.60692607400095 8.6486881071562
"60" 3.29745233424523 5.28521837292472 6.53714758424486 0.828768768244041 3.93355637292021 8.1344108516227 8.65223899714619 0.00969101498394592 0.919504843998083 0.0242418329826416 1.76658605862546 3.39329228383431 6.53605805317053 5.24159896406977 25.5609735890004 0.952357093333064 2.16092710429369 5.58860458006989 4.32185420858738 6.8555170917029
"61" 3.36913717784096 4.81646309399988 2.05835068919652 0.65766965942167 2.71922243336652 26.8896035385126 7.08715961017414 0.00563372983011475 0.111978091470055 0.00969938446001969 2.79647771149046 1.99767565237547 2.55419515310349 4.03168081132864 15.9194744030598 1.36231572308774 7.13748131436091 4.68279197344314 6.76927791322325 5.0237119362546
"62" 4.88007324091382 3.98572346214704 3.13347312002918 0.909493944382546 6.84458078270917 1.06686167760942 11.0402640307378 0.00503412453437631 0.0755504407550734 0.0194828425173998 3.64065075971954 2.65269029812304 10.8720515118061 4.19437207291715 17.7297819510809 1.3588909521951 2.38535894979344 9.26725660954232 10.5376201881679 5.4007890403187
"63" 3.27380239129876 4.02002488607321 2.90877619866265 0.840893217412452 7.01626142484893 6.94664875072602 7.51582654609496 0.00497641728315544 0.0535779318267889 0.0210578339221828 2.70712085322641 2.12255229868897 13.8055375517327 4.01605840863258 20.2706829603129 0.987652882715569 2.4799813642099 8.38179493860014 7.49415133556326 5.13262180816846
"64" 3.02331512309825 3.4989456194408 2.71162307095877 0.788437249914856 8.0903228605581 10.3245403419338 6.88775170333872 0.00624649296637243 0.085279965969883 0.0371025285715827 1.94862470574812 2.10260370233364 15.7432014872151 3.48464753459778 22.084413331812 0.837459255090909 3.05665398630775 5.11535929672051 5.33867648293478 4.83479526048825
"65" 3.35873189839619 4.40239108648813 2.43239172304247 0.848790055235501 5.05412684609752 15.0516500488609 10.0821431748999 0.0115365031757515 0.0972803962077063 0.0228412668782714 2.07670633514286 1.87641015145334 7.97319674343076 3.33574491707552 20.1700810125796 1.0949391712538 4.11794902187873 6.90191455779675 6.47658648980927 4.61458860029701
"66" 2.88289583322918 5.48666608708628 1.78252164676635 0.807759173932147 3.42439727392823 23.2044541696121 7.76993758575389 0.0197188594829907 0.402376641119919 0.020060909630511 1.24669246089905 1.61676201604015 4.11729023638703 3.53585147834449 16.0256371960312 1.17353691307123 9.55508241117231 5.75387796422093 6.5870186649226 4.58746247836937
"67" 4.63527163872264 3.10743932992508 2.68528936705861 1.17578785456625 8.33245258966669 0.754480781750914 7.96418457891326 0.0329278031617565 1.67587866049852 0.0340852123623734 1.91695412717675 2.02932849494859 12.7916637068345 2.84498668381654 14.235431524927 1.51172724158517 3.47916495740865 11.5135252714245 14.84921950894 4.4302006663121
"68" 3.91062753103772 4.21478449678597 2.36205612059829 0.822396974982627 7.5094024358001 6.43756788479096 5.36607393606597 0.0410372903979055 1.33120546799146 0.0328028936804635 1.32985329022759 1.67432583469728 11.0633416449213 3.09333407635511 17.9338613067234 1.14948668094163 4.37433196472081 12.8675604509671 9.7384762718237 4.74747344649062
"69" 3.71039312898262 3.46753495775313 2.41087797640899 0.825174118685076 7.48118622360391 11.1048548878957 6.44926475838895 0.01838610222433 1.60576052669039 0.0573740943789372 0.666001187594457 1.81413987230589 13.7535958425274 2.97152865690418 20.764627412813 0.960448564371154 5.22259736771766 5.90045661308514 6.16235677606803 4.65344093160108
"70" 3.25247744198083 4.1672273635098 1.89586145999434 0.996510891274082 4.78430585163917 17.6170922571667 7.2333717728079 0.0126287002811481 0.927035552557663 0.0251735838219729 1.06395152735021 1.55027672125043 9.01700437554891 2.9140394244833 18.4304186052812 1.04180684087745 7.30799309718138 6.15590947950808 7.27360254142994 4.33331251205548
"71" 2.25398195065138 5.19484164951126 1.57210935797743 0.504641760238236 2.43599625569178 34.4577770126538 3.95990463222355 0.0190095096009884 0.15188374429482 0.00955122395744415 1.60297970899204 1.30625688192113 3.23917152287029 3.5572296628558 13.2146876627091 0.64317087089187 12.3057116132286 4.22586250454281 5.18935915557856 4.155873319609
"72" 4.02953303851887 4.6502600200285 2.86018470235196 0.71406836326504 8.24796452587 1.06329274440146 8.00698761218704 0.0124428279720481 0.0508792736534702 0.020113213062523 3.27501724633287 2.59079276043542 14.1015929108408 3.60560445154816 16.1238399557007 0.828671927739675 1.76198812994948 9.74364376134456 12.9664254691154 5.34669706568206
"73" 3.84630209469152 4.58781236151359 2.41577114584037 0.64424599119127 7.98548463710165 6.57100770302693 5.43502627499936 0.0398018218430679 0.087901743041304 0.024554908423582 3.07806418013607 2.17837391914637 14.052357219658 4.69193292574652 16.8740389409996 0.852487119657134 2.86812833201439 9.93839817372427 8.53768433715911 5.29062617008588
"74" 3.15379548721909 4.3402654940755 3.02968927201833 0.6823697828932 7.38495657729724 9.0192449057312 5.61688368712507 0.0144057640560757 0.0886272766234896 0.0855000235238483 1.705924457233 2.17573099139546 14.6597250080035 3.74975318195638 18.1451311018379 0.751262885973764 3.74365016136678 7.35279792172637 9.6057131385968 4.69457288134697
"75" 3.1112220494247 4.77581854823435 2.44801260472017 0.93331058378269 5.32784092516163 14.2808189645192 5.73528199387649 0.0132088762760041 0.0782687930797591 0.0183773757166643 1.89849030945064 1.62418121028373 12.9170628944172 3.29617981784716 19.4765984264505 0.783070343466452 5.59973106006651 5.70861471956781 6.79745131458074 5.17645918907765
"76" 2.17958818334645 4.56296050474514 1.27765159598314 0.754732103688906 2.44439473430516 32.3570117445706 2.78682825042786 0.0121976764917242 0.275914425261776 0.0121335002323317 0.817530423766838 1.27666495154612 3.96331026970187 2.14897003569437 12.6345610945784 0.760493417457524 20.1367556831603 3.36596795876874 4.38953716260484 3.84279628366794
"77" 4.7048851505095 3.57923527236041 3.63844899797659 1.22196652155646 8.53269819737117 0.595996040755774 3.67937371650981 0.0373761619557407 1.27705532578607 0.0212937209916571 2.88418764804248 2.91467585527825 12.3208259904413 3.07658237696839 14.1349460755928 1.22196652155646 2.54642556195918 10.8963326372207 18.0618557301756 4.65387249699162
"78" 4.41045340611187 4.99904037921403 3.57237015292136 1.01490584880016 8.4996392463415 1.52651989928232 1.34267867924354 0.0466971689781326 1.56556911277031 0.0257609433340797 2.48442241664966 2.39909843820064 13.7650878488817 2.96084102997073 15.8526616052257 0.729725692938961 2.43585621940422 13.6981090926496 14.7870801083833 3.88348271069815
"79" 4.41545287705491 4.84262752487993 3.16037900838579 1.04366972518964 8.60956544905583 3.20761446140468 1.36560408288963 0.036008711442929 2.26586284411977 0.109899992967269 1.32337321154046 2.12571179431249 18.1410830727892 3.01411816634768 15.6884433090507 0.768140917739575 3.87957650022561 11.1252561403529 10.46915129105 4.40846091920104
"80" 3.17045578180261 4.76655422848064 2.66301321685669 1.43666257716658 5.3077161836025 13.1159778035419 3.07174142437859 0.0200485923385126 0.560650625737023 0.025641140983587 2.06124554503646 2.01865232624753 7.65481273623147 3.36641697107254 17.1729878397751 0.949658313720281 8.34025804713297 10.0457472238534 9.1930026354932 5.05875678654842
"81" 1.72128112524176 3.94256592526539 5.49531635450105 0.809516865897998 1.94293388685404 23.0544848815422 6.6087264927365 0.0199009580919365 0.4782251932292 0.0345581126120285 1.4571303586164 1.93239892866689 3.73980983473522 3.51374077468158 23.1171762299412 0.507588953752258 9.49336627910335 3.2890402856736 3.90199779345823 4.94024076539913
"82" 2.51584978934046 3.43972275077105 7.21937920335026 0.830668501832746 5.82077373400762 0.651722560040584 4.67766306296904 0.0417461080712105 1.31677530624635 0.0178917225430562 3.79464474700868 4.30208873113454 9.16182139936674 2.9224428200843 23.8741678958566 0.555037589860971 0.645011422003858 7.97234117596768 15.6866777831338 4.55357369641042
"83" 2.64639867017683 4.00936602785061 6.98872184400822 0.668227671308435 4.37903631366463 2.42832178285093 4.82831882910346 0.0507982439771068 0.795509101242122 0.0129808906364381 3.01977695736331 4.14457495486301 6.25774660026091 4.784714165552 29.4275224105219 0.408077967211258 1.35937757681041 8.59196340214782 8.97537759047897 6.22318899997169
"84" 2.86338583129658 3.22065159147214 7.86734912763417 1.07756380350189 3.84305229459293 6.09288868258899 7.3321591645428 0.0377634591532798 0.39918296070316 0.0132063652735152 3.0460742154858 4.10597204420395 4.1064393788538 3.68418462426345 29.5878552749263 0.553831675542872 3.35250864950286 6.37593669537354 6.29366654446549 6.14632761662252
"85" 2.72251685102971 3.2716282514334 8.30580247944771 1.2513433999385 5.3639900798615 3.1057862219954 4.01382476548603 0.0204777259765002 2.04881863452997 0.165824412959582 2.07469108627484 3.36884622981155 12.5987272732355 3.88460516328733 28.5995440826523 0.4715207014261 1.94558139097902 5.99784326900539 5.42780031368669 5.36082766698289
"86" 5.04636033610182 4.4327670865486 8.50843278833648 1.10990458735838 4.33891028226482 1.42786641546057 4.07699912507758 0.0188031449816463 0.0252394657662619 0.018637414264959 3.52840038573806 4.70531132736138 2.22549585371453 5.86468102949861 28.9945445290165 2.00056876239906 2.15352936573558 5.47745512589268 5.73494233266542 10.3111506418171
"87" 3.1453235494126 3.52401395191586 10.5712083720553 1.14559529459971 5.10291492562994 2.64586138893913 4.10804231984014 0.0173276796451319 0.0856908621983645 0.0199013682099568 2.92504788418098 3.64648293704232 1.48177868832458 5.07085835985252 35.007531337514 1.18630172638752 2.02655085139752 4.66901421645508 4.58954163404733 9.03101265235202
"88" 9.30285802141628 1.24015422702966 14.455720503773 2.0669237117161 6.18892311485915 0.376857252516659 6.04728471851025 0.00960444965750323 0.0940045673430279 0.0282139119531189 2.24299499086228 4.48751393495604 1.1079462813333 2.38844517798304 31.2871007769766 1.58464151231567 2.09239179997866 3.68784054746239 3.60937585496319 7.70120464439404
"89" 5.64954434913971 2.89229161627426 11.934445412292 0.989875205569801 5.47642752008511 0.43883805819765 3.6420770677273 0.016979321291454 0.0633092967054658 0.0230729288330723 2.84073561598417 3.82434893967013 1.66911134366688 4.63488442607944 34.3930077935216 1.34045600754244 0.898342057822979 4.50932483926829 5.60142694877857 9.16150125154967
"90" 2.76139543446442 6.27560064322554 6.70280420613607 0.834256434714506 3.49427076578392 3.63303636530066 5.06972614256811 0.0126928729565004 0.0672768595253156 0.0273160628969975 2.75180107570009 3.15055404145386 2.08074759641991 8.67875723874643 27.5429139341565 1.30741680067199 3.31826987358147 6.21112053260122 6.16857861114504 9.91146450795144
"91" 4.71252438687865 5.72869223149461 7.30971500812336 0.979002143700013 3.29741622241552 6.95457498405651 3.59319939292023 0.00839640787514029 0.0535348759115774 0.0114097447142406 2.82992807163285 3.71422704167268 1.79984421735184 5.07092516619616 31.8864057584793 0.979002143700013 3.00513407189626 3.97200329502811 5.25245172566217 8.84161311029074
"92" 4.24615983908355 6.33351884588877 6.49602889393998 1.00575191973341 2.06010159030572 8.0002864537461 6.24319583086662 0.018472814020085 0.109039095096479 0.00604275263848841 2.8269783689804 3.09003871202099 1.66455949331263 7.41175739046783 24.8266690096355 0.942326122993465 5.35557781146797 4.92217845100235 5.634191686053 8.80712491874662
"93" 3.94261411880243 3.52594995364512 10.5766927103062 0.87645041704893 4.88685515363721 1.68935965966004 5.11840717107846 0.0102693574358827 0.148449116430115 0.0344767277481641 2.891278961989 3.87891692868569 2.95968950501013 5.07736793324898 30.7865801666843 1.14845227061584 1.51444363725658 6.19545124332236 7.43454149198683 7.30375347540775
"94" 5.98030806870204 3.80704509900952 10.3583293354969 1.15663631754649 3.50685603732302 1.73818081849923 5.08996675783725 0.0154549419008563 0.0827987128581816 0.0223018748642217 2.45331380358516 3.44801085245882 1.62115112455448 5.54459293030133 32.3754434714134 1.16182302749064 1.80752566465405 4.80234759922791 6.18457310749277 8.8433404547837
"95" 3.20619511299389 4.31684863387515 10.2521076309421 0.886862780564827 4.62559145389949 7.2679766777594 2.24825745879324 0.0096714278204737 0.129819597532214 0.0319539465339018 2.60185570721999 3.27675619981638 1.72763000708844 4.45780695661393 31.3867198631685 1.10417352812045 2.90964378184374 5.83935407252778 6.22061774049351 7.50015742239261
"96" 3.84682808827421 6.42001908109164 6.52400132211521 0.865620550259547 2.66219222552153 9.10923688308123 10.3996840689 0.0101006681679525 0.0594749932872698 0.0185376836355949 2.67414919990896 3.63580776274791 2.02888146822098 5.70382112581737 25.6388562981637 1.4478534203746 2.00685256046561 4.15453687956039 5.06994331064997 7.72360240975632
"97" 3.78340262362678 4.85180569412224 7.08091724824057 0.844012032206682 2.58422615615331 9.39714570494808 12.4871805613175 0.0095111980939672 0.0552345022930401 0.0168526847320792 2.32482356176691 2.77994693644081 1.46109458464998 5.85754458279967 26.4625568900251 1.2331672805894 2.22748206614426 4.35136031525856 4.69670637202511 7.49502900456592
"98" 3.79495364626535 3.26521091584507 8.3010821046373 0.871986659674154 4.35154101971993 6.11561183448024 9.33431225561755 0.00706053218784968 0.48301251293878 0.0253673549505844 2.04727302706106 2.93443527475514 4.76184107593275 3.92867902646671 31.9128161209008 0.881464775540178 1.70009682344866 3.91831839309121 4.8250366989305 6.53989994755616
"99" 6.47350304844247 3.5095123384354 9.3869748671683 1.10356919775079 3.30571879625072 5.01322847280629 13.7095680645389 0.00890800630959118 0.0747326180394394 0.0163772821354371 2.38159970249894 3.39855396350164 1.92122464660877 3.94363698608001 26.0515360983742 1.66752551571902 1.62184320992518 4.25560568758144 5.19821541642685 6.95816608140661
"100" 3.92796111420554 4.18626473985229 9.27996856934659 0.847061022973307 3.20599904247148 11.3491192461376 8.4088045871074 0.0062925318297314 0.0366795645926508 0.0199519159446059 2.3896037279668 2.6484342298373 1.40149934993143 3.66911169424753 29.3350606903387 0.913934261629094 1.96491218917472 4.38678070141333 5.62056277368583 6.40199804731405
"101" 3.78195509113518 5.60372789229492 2.66828765142297 0.820882155700246 3.78111994809316 14.3316882394077 13.2329396600902 0.0071941139613917 0.0770838712923669 0.0182202227565424 2.96000447908383 2.40562235522175 2.9941165471739 4.29273080245599 16.9270729223954 1.29409657486862 3.86046918477864 7.25075302012911 8.39734536347148 5.29468990426659
"102" 4.1051968292842 4.24388826909855 2.37490607523226 0.752634647265761 3.30755789699582 16.2582715486919 14.5319814937929 0.0108514853234126 0.0477013606765988 0.017043776602877 2.71919614496017 1.83910212616192 1.73938881282595 4.0132421675171 19.9423902988418 1.17265333751407 4.24702495840773 5.69864481723849 7.29957414726328 5.67874980630521
"103" 3.89005013352913 3.21148553350772 4.50851799324058 1.40885332668867 7.48241266600385 4.4097416771628 16.1014193919212 0.00771941246261744 1.34050590569309 0.034938530549111 1.70856280767679 3.32118705036292 8.28027633621951 2.46768098215034 21.7715967503193 1.15070939415876 2.11523531672994 6.24853966355559 5.40394040281183 5.13662672525621
"104" 5.76651939775991 4.35644401369946 2.57857246376503 0.851769094328205 3.49453247683818 11.7708518742663 13.1429895794196 0.00626159498433415 0.156165867279682 0.0145335179133263 3.33313808787461 2.59358140778349 2.5191558795025 3.90394168233761 19.8864423273016 1.67692040445865 3.03139816953325 7.20462298292402 8.01299582813289 5.6991633498974
"105" 3.35903525975483 4.54142427233532 3.15840870040601 0.806864708451214 4.47354671128198 16.0394887500595 11.1531804878512 0.0058763989316091 0.131903076474746 0.0173172378572754 2.59046037976442 2.13959214691224 2.54610634093467 3.17500013758976 20.6187656456852 1.35143593582696 4.30151135198843 6.58028819917277 7.21185931037742 5.79793494834448
"106" 3.45530616901229 5.29839558227073 2.13192859298868 1.21631211550063 3.38896197786702 19.2280495950534 12.1195691383284 0.0150954036933994 0.112825639316093 0.0157411851243399 1.19968626643983 2.09718320548418 3.36193681100199 3.59205844182021 15.7508043733895 1.04130317801853 6.26334881383902 6.3380904464624 8.31126954771956 5.06213351666989
"107" 3.08013848506096 3.99391091436318 2.25227405644713 1.07020417887725 3.62299577742555 20.2929324484524 10.1743736822949 0.0146411252330626 0.139806402446779 0.0155853557599378 0.756884827784676 1.67475364864587 2.93229242477854 3.18328817461786 21.2037049227765 0.851609282766151 6.67495606354869 5.86587048008824 7.20397356042667 4.99580418820571
"108" 3.87941936936847 2.89622296892826 2.62378648774476 0.84042184366222 8.8327497262955 7.33282742209991 9.16384651640489 0.0118283068710317 1.43423488886675 0.128964575322919 0.230146289495192 1.32756283780705 18.1513950293919 1.89202661214213 18.5840973839564 0.745605020274687 4.04937272467655 8.83499503565793 6.06669659115178 2.9738003698817
"109" 3.70206018029106 5.33756236824359 1.90165966615609 1.01060463957553 3.5248872861148 19.133749428268 11.6431989392177 0.0246198759190024 0.0626521066013573 0.0266906462798141 1.32261655742507 1.72702403109434 3.54834168086695 3.43409343545084 16.9546098755973 1.09890989934427 6.00052753569353 6.60393253928282 7.81074254646141 5.13151676211654
"110" 2.52855301354501 4.45542673615584 1.78221257501307 0.665116335732354 3.44988303657997 29.7518272242612 6.18704033316591 0.00936101338072838 0.193714893365539 0.0235703970615484 0.742286884942326 1.20609583114553 3.58236340979853 2.46007772895877 20.2178311797617 0.694961299515217 8.18656417800349 4.3117846916175 5.28776298330119 4.26356625469458
"111" 3.14916989637485 6.12915187086929 1.74716063084891 0.608432003900295 2.68864181561539 25.5538993967843 10.2076976740335 0.024105797319968 0.110104419640981 0.0269763392871109 2.29923252000217 1.90233301020253 2.60510965885718 4.58565594518538 15.8576593858645 0.755736594318261 6.52074246138772 3.93870350016708 5.44853984189779 5.84094723744283
"112" 3.43315820266013 5.9251734026827 1.88885556252017 0.575163275908949 2.96997488153637 19.5193397502907 12.4233732043748 0.0132191610886773 0.103507150380707 0.0230601624262273 2.6378177826169 1.90133779294139 3.16215647873051 5.18638609138586 16.1839045910932 0.847870001555433 6.01386744690204 4.91273678761012 5.99692697522062 6.28217129807447
"113" 3.33913783161884 4.63164049176998 2.2198036288405 0.527851765542501 7.99422743253842 10.0014124616125 6.98742900567541 0.0178548539353993 0.0699025089005046 0.107170965353276 1.14367882534208 1.38260149822329 18.6591107821087 2.96528491819464 19.1216889576425 0.646877163655025 2.88198522622689 9.01725438880806 4.87992590453142 3.40516138948005
